4.244467736101797
4.244467736105435
4.244467736109073
4.244467736101797
4.244467736109073
4.2444677361163485
4.2444677361163485
4.2444677361127106
4.2444677361127106
4.2444677361163485
4.2444677361163485
4.2444677361127106
4.2444677361127106
4.244467736109073
4.2444677361127106
4.244467736109073
4.2444677361163485
4.244467736109073
4.2444677361127106
4.2444677361163485
4.244467736105435
4.244467736109073
4.244467736101797
4.244467736109073
4.244467736109073
4.2444677361127106
4.244467736101797
4.244467736109073
4.2444677361127106
4.2444677361127106
4.2444677361199865
4.2444677361127106
4.244467736098159
4.244467736098159
4.244467736098159
4.244467736098159
4.244467736101797
4.244467736105435
4.244467736109073
4.244467736101797
4.244467736101797
4.244467736101797
4.244467736101797
4.244467736105435
4.244467736101797
4.244467736105435
4.244467736101797
4.244467736109073
4.2444677361127106
4.2444677361163485
4.244467736105435
4.244467736109073
4.244467736109073
4.244467736109073
4.244467736105435
4.244467736109073
4.244467736109073
4.244467736109073
4.244467736105435
4.244467736109073
4.2444677361127106
4.244467736105435
4.2444677361127106
4.244467736105435
4.2444677361163485
4.2444677361199865
4.2444677361199865
4.2444677361199865
4.244467736109073
4.2444677361163485
4.2444677361127106
4.2444677361199865
4.2444677361309004
4.2444677361236245
4.2444677361309004
4.2444677361272625
4.2444677361309004
4.244467736138176
4.2444677361272625
4.2444677361236245
4.2444677361309004
4.2444677361272625
4.2444677361236245
4.2444677361199865
4.2444677361309004
4.244467736138176
4.244467736134538
4.2444677361272625
4.2444677361236245
4.2444677361272625
4.2444677361272625
4.2444677361236245
4.2444677361199865
4.2444677361199865
4.2444677361163485
4.2444677361199865
5.7076930641669605
5.707693064163323
5.707693064156047
5.707693064159685
5.7076930641705985
5.707693064159685
5.707693064156047
5.707693064156047
5.707693064152409
5.707693064156047
5.707693064152409
5.707693064156047
5.707693064145133
5.707693064159685
5.707693064152409
5.707693064152409
5.707693064159685
5.707693064156047
5.707693064159685
5.707693064156047
5.707693064156047
5.707693064152409
5.707693064156047
5.707693064159685
5.707693064152409
5.707693064152409
5.707693064152409
5.707693064156047
5.707693064152409
5.707693064159685
5.707693064163323
5.707693064148771
5.707693064159685
5.707693064159685
5.707693064159685
5.707693064159685
5.707693064156047
5.707693064163323
5.707693064156047
5.707693064159685
5.707693064152409
5.707693064145133
5.707693064148771
5.707693064156047
5.707693064152409
5.707693064156047
5.707693064156047
5.707693064156047
5.707693064159685
5.707693064159685
5.707693064156047
5.707693064148771
5.707693064163323
5.707693064152409
5.707693064163323
5.707693064159685
5.707693064159685
5.707693064156047
5.707693064159685
5.707693064156047
5.707693064159685
5.707693064156047
5.707693064163323
5.707693064159685
5.707693064196064
5.707693064199702
5.707693064199702
5.707693064196064
5.707693064199702
5.707693064199702
5.707693064196064
5.707693064196064
5.707693064199702
5.707693064199702
5.707693064192426
5.707693064196064
5.70769306420334
5.70769306420334
5.707693064199702
5.707693064199702
5.707693064196064
5.707693064199702
5.70769306420334
5.707693064196064
5.707693064199702
5.707693064199702
5.70769306420334
5.707693064199702
5.707693064188788
5.707693064199702
5.707693064192426
5.707693064192426
5.707693064206978
5.707693064192426
5.707693064192426
5.707693064199702
5.7076930641669605
5.7076930641778745
5.7076930641815125
5.7076930641815125
5.7076930641742365
5.7076930641742365
5.7076930641742365
5.7076930641778745
5.7076930641742365
5.7076930641778745
5.7076930641705985
5.7076930641705985
5.7076930641778745
5.7076930641705985
5.7076930641669605
5.7076930641705985
5.7076930641705985
5.7076930641742365
5.7076930641742365
5.7076930641742365
5.7076930641742365
5.7076930641705985
5.7076930641705985
5.7076930641705985
5.7076930641815125
5.7076930641742365
5.7076930641778745
5.7076930641778745
5.7076930641815125
5.7076930641815125
5.7076930641778745
5.7076930641778745
5.7076930641778745
5.7076930641815125
5.7076930641742365
5.7076930641778745
5.7076930641742365
5.7076930641742365
5.7076930641778745
5.7076930641778745
5.7076930641742365
5.7076930641705985
5.7076930641778745
5.7076930641705985
5.7076930641778745
5.7076930641815125
5.7076930641778745
5.7076930641778745
5.7076930641815125
5.7076930641815125
5.70769306418515
5.7076930641778745
5.707693064188788
5.70769306418515
5.70769306418515
5.707693064188788
5.707693064188788
5.70769306418515
5.70769306418515
5.707693064199702
5.707693064188788
5.707693064188788
5.707693064192426
5.707693064196064
5.707693064188788
5.707693064188788
5.707693064192426
5.707693064188788
5.707693064188788
5.707693064192426
5.707693064192426
5.707693064196064
5.707693064192426
5.70769306418515
5.707693064192426
5.707693064192426
5.707693064188788
5.707693064192426
5.707693064188788
5.707693064188788
5.707693064192426
5.707693064188788
5.707693064192426
5.707693064192426
5.707693064192426
5.70769306418515
5.707693064188788
5.707693064188788
5.707693064192426
5.707693064188788
5.707693064192426
5.707693064192426
5.707693064196064
5.707693064196064
5.70769306420334
5.707693064199702
5.7076930641778745
5.707693064188788
5.7076930641742365
5.7076930641778745
5.70769306418515
5.707693064192426
5.7076930641815125
5.707693064188788
5.707693064192426
5.707693064192426
5.707693064192426
5.707693064188788
5.70769306418515
5.70769306418515
5.70769306418515
5.70769306418515
5.7076930641742365
5.7076930641778745
5.7076930641742365
5.7076930641778745
5.7076930641778745
5.7076930641742365
5.70769306418515
5.7076930641742365
5.7076930641815125
5.70769306418515
5.70769306418515
5.707693064188788
5.707693064188788
5.707693064188788
5.707693064192426
5.707693064192426
5.7076930641778745
5.7076930641778745
5.7076930641815125
5.70769306418515
5.7076930641815125
5.7076930641815125
5.7076930641778745
5.7076930641742365
5.707693064196064
5.707693064199702
5.707693064196064
5.707693064188788
5.70769306420334
5.707693064196064
5.707693064192426
5.707693064196064
5.7076930641815125
5.70769306418515
5.707693064188788
5.70769306418515
5.707693064192426
5.707693064196064
5.70769306418515
5.707693064192426
5.7076930641778745
5.707693064188788
5.7076930641815125
5.70769306418515
5.7076930641778745
5.7076930641815125
5.7076930641778745
5.70769306418515
5.7076930641669605
5.7076930641742365
5.7076930641705985
5.7076930641815125
5.7076930641705985
5.7076930641778745
5.7076930641742365
5.7076930641705985
5.7076930641778745
5.7076930641815125
5.7076930641742365
5.7076930641815125
5.7076930641815125
5.7076930641705985
5.7076930641705985
5.7076930641742365
5.707693064199702
5.707693064188788
5.707693064192426
5.707693064188788
5.707693064188788
5.707693064188788
5.707693064192426
5.70769306418515
5.70769306418515
5.707693064188788
5.7076930641778745
5.707693064188788
5.7076930641815125
5.7076930641778745
5.707693064188788
5.70769306418515
5.707693064163323
5.7076930641705985
5.7076930641742365
5.7076930641669605
5.7076930641669605
5.707693064156047
5.707693064163323
5.707693064159685
5.707693064156047
5.707693064156047
5.707693064159685
5.7076930641705985
5.707693064156047
5.707693064163323
5.707693064156047
5.707693064163323
5.707693064159685
5.707693064159685
5.707693064163323
5.707693064163323
5.707693064159685
5.707693064156047
5.707693064159685
5.707693064156047
5.707693064159685
5.707693064159685
5.7076930641669605
5.707693064159685
5.707693064159685
5.707693064159685
5.707693064163323
5.707693064163323
5.7076930641742365
5.7076930641742365
5.7076930641742365
5.7076930641742365
5.7076930641742365
5.7076930641778745
5.7076930641742365
5.7076930641705985
5.7076930641705985
5.7076930641705985
5.7076930641705985
5.707693064159685
5.7076930641742365
5.7076930641705985
5.7076930641742365
5.7076930641742365
5.7076930641778745
5.7076930641815125
5.7076930641742365
5.7076930641742365
5.7076930641669605
5.7076930641742365
5.7076930641742365
5.7076930641669605
5.707693064163323
5.707693064163323
5.7076930641669605
5.7076930641705985
5.7076930641742365
5.7076930641669605
5.7076930641705985
5.7076930641705985
5.707693064159685
5.707693064159685
5.707693064159685
5.707693064159685
5.707693064159685
5.707693064159685
5.707693064163323
5.707693064163323
5.707693064163323
5.707693064163323
5.7076930641669605
5.707693064163323
5.707693064163323
5.707693064163323
5.7076930641669605
5.707693064159685
5.7076930641669605
5.707693064159685
5.707693064163323
5.707693064163323
5.7076930641705985
5.707693064159685
5.7076930641669605
5.707693064163323
5.7076930641669605
5.707693064163323
5.707693064159685
5.707693064159685
5.7076930641705985
5.7076930641669605
5.7076930641705985
5.7076930641705985
23.97730346103708
23.97730346103708
23.977303461044357
23.977303461044357
23.977303461044357
23.97730346103708
23.97730346103708
23.977303461044357
23.977303461029805
23.97730346103708
23.97730346103708
23.977303461029805
23.97730346102253
23.977303461015254
23.97730346102253
23.97730346102253
23.97730346103708
23.97730346103708
23.97730346103708
23.97730346103708
23.97730346103708
23.97730346103708
23.97730346103708
23.97730346103708
23.97730346102253
23.97730346102253
23.977303461029805
23.97730346102253
23.97730346102253
23.97730346102253
23.97730346102253
23.977303461029805
23.97730346103708
23.97730346103708
23.97730346103708
23.97730346103708
23.977303461044357
23.97730346103708
23.977303461044357
23.97730346103708
23.97730346103708
23.97730346103708
23.97730346103708
23.977303461044357
23.97730346103708
23.97730346103708
23.97730346103708
23.97730346103708
23.977303461029805
23.97730346102253
23.97730346103708
23.977303461029805
23.97730346103708
23.97730346103708
23.977303461029805
23.977303461029805
23.977303461044357
23.977303461044357
23.977303461044357
23.977303461051633
23.97730346103708
23.977303461051633
23.97730346103708
23.977303461051633
23.97730346103708
23.97730346103708
23.97730346103708
23.97730346103708
23.97730346103708
23.977303461044357
23.97730346103708
23.97730346103708
23.97730346103708
23.97730346103708
23.97730346103708
23.97730346103708
23.977303461029805
23.97730346103708
23.97730346103708
23.97730346103708
23.977303461029805
23.977303461029805
23.977303461029805
23.977303461029805
23.97730346103708
23.977303461029805
23.977303461029805
23.977303461029805
23.97730346102253
23.97730346102253
23.977303461029805
23.97730346102253
23.97730346102253
23.977303461029805
23.977303461029805
23.977303461029805
-4.982772082279553
-4.982772082279553
-4.982772082283191
-4.982772082286829
-4.982772082279553
-4.982772082275915
-4.982772082279553
-4.982772082283191
-4.982772082275915
-4.982772082272277
-4.982772082275915
-4.982772082272277
-4.982772082283191
-4.982772082286829
-4.982772082283191
-4.982772082279553
-4.982772082265001
-4.982772082261363
-4.982772082265001
-4.982772082254087
-4.982772082261363
-4.982772082268639
-4.982772082268639
-4.982772082265001
-4.982772082279553
-4.982772082275915
-4.982772082275915
-4.982772082272277
-4.982772082279553
-4.982772082272277
-4.982772082283191
-4.982772082275915
-4.982772082283191
-4.982772082283191
-4.982772082279553
-4.982772082275915
-4.982772082275915
-4.982772082275915
-4.982772082275915
-4.982772082279553
-4.982772082261363
-4.982772082268639
-4.982772082265001
-4.982772082268639
-4.982772082265001
-4.982772082272277
-4.982772082261363
-4.982772082268639
-4.982772082301381
-4.982772082294105
-4.982772082290467
-4.982772082294105
-4.982772082297743
-4.982772082297743
-4.982772082297743
-4.982772082297743
-4.982772082290467
-4.982772082297743
-4.982772082297743
-4.982772082301381
-4.982772082290467
-4.982772082290467
-4.982772082286829
-4.982772082294105
-10.31962567143637
-10.31962567143637
-10.319625671440008
-10.319625671429094
-10.319625671425456
-10.319625671425456
-10.319625671429094
-10.319625671429094
-10.319625671432732
-10.319625671432732
-10.319625671425456
-10.319625671429094
-10.319625671425456
-10.319625671429094
-10.319625671432732
-10.319625671421818
-10.319625671450922
-10.319625671447284
-10.31962567143637
-10.319625671432732
-10.319625671432732
-10.319625671432732
-10.319625671443646
-10.319625671447284
-10.31962567143637
-10.31962567143637
-10.319625671432732
-10.31962567143637
-10.319625671443646
-10.31962567143637
-10.319625671440008
-10.319625671440008
-10.31962567143637
-10.31962567143637
-10.319625671440008
-10.31962567143637
-10.319625671440008
-10.319625671432732
-10.319625671421818
-10.319625671432732
-10.31962567143637
-10.319625671432732
-10.319625671440008
-10.319625671440008
-10.319625671440008
-10.31962567143637
-10.319625671440008
-10.31962567143637
-10.319625671410904
-10.319625671414542
-10.319625671403628
-10.31962567141818
-10.319625671414542
-10.319625671414542
-10.319625671407266
-10.319625671410904
-10.319625671421818
-10.31962567141818
-10.319625671414542
-10.319625671414542
-10.319625671407266
-10.319625671410904
-10.319625671414542
-10.319625671407266
