18.870190935063874
18.8701909350566
18.870190935063874
18.8701909350566
18.870190935042046
18.870190935049322
18.870190935063874
18.870190935049322
18.870190935042046
18.870190935049322
18.870190935042046
18.87019093503477
18.870190935063874
18.8701909350566
18.87019093507115
18.870190935078426
18.870190935078426
18.870190935085702
18.87019093507115
18.870190935078426
18.870190935078426
18.870190935078426
18.87019093507115
18.870190935078426
18.870190935078426
18.870190935078426
18.870190935078426
18.870190935078426
18.87019093507115
18.870190935063874
18.870190935063874
18.87019093507115
18.870190935049322
18.870190935049322
18.870190935078426
18.870190935063874
18.870190935063874
18.870190935063874
18.87019093507115
18.870190935063874
18.870190935063874
18.87019093507115
18.870190935092978
18.870190935085702
18.870190935078426
18.870190935085702
18.870190935078426
18.870190935085702
18.870190935078426
18.870190935078426
18.870190935092978
18.870190935092978
18.870190935092978
18.870190935092978
18.870190935092978
18.870190935085702
18.870190935092978
18.870190935085702
18.870190935092978
18.870190935100254
18.870190935092978
18.870190935078426
18.870190935085702
18.870190935092978
18.870190935092978
18.870190935092978
18.870190935085702
18.870190935085702
18.870190935092978
18.870190935092978
18.870190935085702
18.870190935092978
18.870190935100254
18.870190935100254
18.870190935078426
18.870190935092978
18.870190935100254
18.870190935085702
18.870190935092978
18.870190935085702
18.870190935092978
18.870190935100254
18.870190935100254
18.87019093510753
18.870190935085702
18.870190935085702
18.870190935092978
18.870190935085702
18.87019093507115
18.870190935078426
18.870190935100254
18.870190935100254
18.870190935092978
18.870190935078426
18.870190935078426
18.870190935092978
18.870190935078426
18.870190935085702
18.870190935085702
18.870190935092978
18.870190935085702
18.870190935100254
18.870190935085702
18.870190935085702
18.870190935085702
18.870190935085702
18.870190935092978
18.870190935100254
18.870190935085702
18.870190935085702
18.870190935085702
18.870190935092978
18.870190935114806
18.870190935114806
18.870190935114806
18.870190935114806
18.870190935114806
18.870190935122082
18.870190935122082
18.87019093510753
18.87019093510753
18.870190935114806
18.870190935114806
18.87019093510753
18.870190935114806
18.870190935122082
18.870190935012943
18.87019093502022
18.870190935027495
18.870190935027495
18.87019093502022
18.870190935012943
18.87019093502022
18.870190935012943
18.87019093502022
18.870190935027495
18.870190935012943
18.870190935012943
18.870190935012943
18.870190935005667
18.870190935012943
18.870190935012943
18.870190935012943
18.870190935005667
18.870190935005667
18.870190935027495
18.87019093502022
18.870190935012943
18.870190935012943
18.870190935012943
18.870190935012943
18.870190935012943
18.870190935012943
18.87019093502022
18.870190935012943
18.870190935012943
18.870190935012943
18.870190935012943
18.87019093499839
18.870190935005667
18.87019093499839
18.87019093499839
18.87019093499839
18.87019093499839
18.87019093499839
18.87019093499839
18.870190935005667
18.870190934991115
18.870190935005667
18.870190935005667
18.870190935012943
18.87019093502022
18.87019093499839
18.87019093499839
18.870190935005667
18.87019093499839
18.870190935005667
18.87019093499839
18.87019093499839
18.870190934991115
18.87019093499839
18.87019093499839
18.8701909350566
18.870190935042046
18.870190935049322
18.870190935049322
18.870190935042046
18.870190935042046
18.870190935049322
18.870190935042046
18.870190935049322
18.8701909350566
18.870190935042046
18.870190935049322
18.8701909350566
18.870190935049322
18.87019093503477
18.87019093503477
18.870190935042046
18.870190935049322
18.870190935042046
18.870190935027495
18.87019093503477
18.87019093502022
18.87019093502022
18.870190935027495
18.870190935027495
18.87019093502022
18.87019093503477
18.87019093502022
18.870190935027495
18.87019093502022
18.87019093502022
18.87019093502022
18.870190935012943
18.870190935005667
18.87019093502022
18.870190935012943
18.870190935012943
18.87019093502022
18.87019093502022
18.87019093502022
18.87019093502022
18.87019093502022
18.87019093502022
18.870190935012943
18.870190935005667
18.870190935012943
18.870190935005667
18.87019093499839
18.87019093499839
18.87019093499839
18.87019093499839
18.87019093499839
18.87019093499839
18.870190935012943
18.870190935012943
18.870190935005667
18.87019093502022
18.870190935012943
18.87019093502022
18.870190935012943
18.870190935012943
18.87019093502022
18.87019093502022
18.87019093502022
18.870190935012943
18.87019093502022
18.87019093502022
18.87019093502022
18.87019093502022
18.870190935027495
28.035201156671974
28.035201156671974
28.035201156686526
28.03520115667925
28.03520115667925
28.03520115667925
28.03520115667925
28.03520115667925
28.035201156686526
28.035201156671974
28.035201156671974
28.03520115667925
28.03520115667925
28.035201156671974
28.0352011566938
28.035201156708354
28.03520115671563
28.035201156708354
28.035201156701078
28.035201156708354
28.03520115671563
28.03520115671563
28.035201156708354
28.0352011566938
28.035201156708354
28.03520115671563
28.03520115671563
28.035201156708354
28.035201156671974
28.03520115667925
28.0352011566938
28.035201156686526
28.03520115667925
28.0352011566938
28.035201156686526
28.0352011566938
28.0352011566938
28.03520115667925
28.035201156671974
28.0352011566938
28.035201156686526
28.035201156671974
28.035201156686526
28.035201156701078
28.035201156701078
28.035201156701078
28.035201156686526
28.0352011566938
28.0352011566938
28.035201156701078
28.0352011566938
28.035201156686526
28.0352011566938
28.0352011566938
28.0352011566938
28.0352011566938
28.0352011566938
28.035201156701078
28.035201156708354
28.035201156701078
28.035201156701078
28.035201156708354
28.035201156701078
28.035201156701078
28.0352011566938
28.035201156686526
28.035201156708354
28.035201156701078
28.035201156701078
28.0352011566938
28.03520115667925
28.0352011566938
28.035201156701078
28.035201156686526
28.0352011566938
28.0352011566938
28.035201156686526
28.0352011566938
28.0352011566938
28.035201156686526
28.0352011566938
28.0352011566938
28.0352011566938
28.035201156686526
28.035201156686526
28.035201156701078
28.035201156701078
28.035201156701078
28.035201156701078
28.035201156701078
28.0352011566938
28.035201156701078
28.0352011566938
28.035201156686526
28.035201156686526
28.035201156701078
28.035201156701078
28.03520115667925
28.035201156686526
28.0352011566938
28.0352011566938
28.0352011566938
28.035201156686526
28.0352011566938
28.035201156686526
28.035201156686526
28.0352011566938
28.035201156671974
28.0352011566938
28.0352011566938
28.0352011566938
28.03520115667925
28.035201156708354
28.03520115671563
28.035201156722906
28.03520115671563
28.03520115671563
28.035201156708354
28.03520115671563
28.03520115671563
28.035201156722906
28.035201156701078
28.03520115671563
28.035201156722906
28.035201156722906
28.035201156708354
28.03520115667925
28.035201156686526
28.0352011566938
28.03520115667925
28.035201156686526
28.0352011566938
28.0352011566938
28.035201156686526
28.0352011566938
28.035201156671974
28.035201156686526
28.0352011566938
28.03520115667925
28.035201156686526
28.03520115667925
28.035201156671974
28.03520115667925
28.03520115667925
28.035201156671974
28.035201156686526
28.035201156686526
28.035201156686526
28.03520115667925
28.035201156671974
28.035201156671974
28.03520115667925
28.03520115667925
28.035201156686526
28.0352011566938
28.0352011566938
28.035201156701078
28.035201156686526
28.03520115667925
28.0352011566938
28.0352011566938
28.035201156701078
28.035201156708354
28.035201156686526
28.035201156701078
28.035201156708354
28.0352011566938
28.0352011566938
28.035201156664698
28.03520115667925
28.035201156686526
28.03520115667925
28.035201156671974
28.035201156686526
28.03520115667925
28.0352011566938
28.035201156686526
28.03520115667925
28.03520115667925
28.0352011566938
28.035201156686526
28.03520115667925
28.035201156664698
28.035201156671974
28.035201156664698
28.035201156671974
28.035201156664698
28.035201156671974
28.035201156671974
28.035201156671974
28.035201156671974
28.035201156657422
28.035201156657422
28.035201156664698
28.035201156664698
28.035201156671974
28.035201156664698
28.035201156671974
28.03520115667925
28.03520115667925
28.035201156671974
28.03520115667925
28.03520115667925
28.03520115667925
28.03520115667925
28.035201156657422
28.035201156664698
28.03520115667925
28.035201156671974
28.03520115667925
28.035201156686526
28.0352011566938
28.035201156686526
28.035201156701078
28.03520115667925
28.035201156708354
28.0352011566938
28.035201156701078
28.0352011566938
28.035201156686526
28.03520115667925
28.0352011566938
28.035201156686526
28.03520115667925
28.035201156686526
28.0352011566938
28.0352011566938
28.0352011566938
28.0352011566938
28.0352011566938
28.0352011566938
28.0352011566938
28.035201156701078
28.035201156686526
28.03520115667925
28.035201156701078
28.0352011566938
28.0352011566938
28.0352011566938
28.035201156686526
28.035201156708354
28.0352011566938
28.035201156686526
28.035201156708354
28.0352011566938
28.035201156708354
28.035201156701078
28.0352011566938
28.0352011566938
28.035201156708354
28.035201156701078
28.035201156686526
